[gd_scene load_steps=5 format=2]

[ext_resource path="res://BSTACLE.tscn" type="PackedScene" id=1]
[ext_resource path="res://rigid.tscn" type="PackedScene" id=2]
[ext_resource path="res://main.tscn" type="PackedScene" id=3]
[ext_resource path="res://Wall.tscn" type="PackedScene" id=4]

[node name="Spatial" type="Spatial"]

[node name="Node2D" parent="." instance=ExtResource( 3 )]

[node name="KinematicBody" parent="." instance=ExtResource( 1 )]
transform = Transform( -0.998782, 0, 0.0493378, 0, 1, 0, -0.0493378, 0, -0.998782, 0, 1.32868, -8.85117 )

[node name="KinematicBody2" parent="." instance=ExtResource( 1 )]
transform = Transform( -0.998782, 0, 0.0493378, 0, 1, 0, -0.0493378, 0, -0.998782, -6.19744, 1.32868, -8.85117 )

[node name="KinematicBody3" parent="." instance=ExtResource( 1 )]
transform = Transform( -0.998782, 0, 0.0493378, 0, 1, 0, -0.0493378, 0, -0.998782, 8.34393, 1.32868, -8.85117 )

[node name="KinematicBody4" parent="." instance=ExtResource( 1 )]
transform = Transform( -0.998782, 0, 0.0493378, 0, 1, 0, -0.0493378, 0, -0.998782, 2.35168, 1.32868, 6.69981 )

[node name="KinematicBody5" parent="." instance=ExtResource( 1 )]
transform = Transform( -0.998782, 0, 0.0493378, 0, 1, 0, -0.0493378, 0, -0.998782, 2.76691, 1.32868, 17.2574 )

[node name="RigidBody" parent="." instance=ExtResource( 2 )]
transform = Transform( 1, 0, 0, 0, 1, 0, 0, 0, 1, 1.68994, 3.76349, 4.87424 )

[node name="RigidBody2" parent="." instance=ExtResource( 2 )]
transform = Transform( 1, 0, 0, 0, 1, 0, 0, 0, 1, 1.68994, 16.0558, -4.89504 )

[node name="RigidBody3" parent="." instance=ExtResource( 2 )]
transform = Transform( 1, 0, 0, 0, 1, 0, 0, 0, 1, 0.0715256, 15.4312, -3.93149 )

[node name="RigidBody4" parent="." instance=ExtResource( 2 )]
transform = Transform( 1, 0, 0, 0, 1, 0, 0, 0, 1, -2.81331, 15.4312, -5.7104 )

[node name="RigidBody5" parent="." instance=ExtResource( 2 )]
transform = Transform( 1, 0, 0, 0, 1, 0, 0, 0, 1, -4.42722, 15.4312, -5.7104 )

[node name="RigidBody6" parent="." instance=ExtResource( 2 )]
transform = Transform( 1, 0, 0, 0, 1, 0, 0, 0, 1, -1.64664, 15.4024, -8.01399 )

[node name="Wall" parent="." instance=ExtResource( 4 )]
transform = Transform( 1, 0, 0, 0, 1, 0, 0, 0, 1, -0.356657, 0, 11.8244 )

[node name="Wall2" parent="." instance=ExtResource( 4 )]
transform = Transform( 1, 0, 0, 0, 1, 0, 0, 0, 1, 11.1826, 0, 11.8244 )

[node name="Wall3" parent="." instance=ExtResource( 4 )]
transform = Transform( 1, 0, 0, 0, 1, 0, 0, 0, 1, -6.56404, 0, 11.8244 )

[node name="Wall4" parent="." instance=ExtResource( 4 )]
transform = Transform( 0.402219, 0, -0.915543, 0, 1, 0, 0.915543, 0, 0.402219, -3.58108, -0.366529, 20.7334 )

[node name="Wall5" parent="." instance=ExtResource( 4 )]
transform = Transform( 0.402219, 0, -0.915543, 0, 1, 0, 0.915543, 0, 0.402219, -5.96423, -0.366529, 15.3827 )

[node name="Wall6" parent="." instance=ExtResource( 4 )]
transform = Transform( -0.297075, 0, -0.954854, 0, 1, 0, 0.954854, 0, -0.297075, 8.46738, 0.197245, 20.1542 )

[node name="Wall7" parent="." instance=ExtResource( 4 )]
transform = Transform( -0.297075, 0, -0.954854, 0, 1, 0, 0.954854, 0, -0.297075, 10.1791, 0.197245, 14.5524 )
